0. 0. 0. 0. 0
0,1. 63,61922. 12,78917. 12,02124. 6,675049
0,2. 63,11442. 12,22886. 10,50923. 6,114211
0,3. 66,19743. 11,13128. 12,37169. 5,625546
0,4. 65,14764. 12,19581. 13,44649. 5,581954
0,5. 64,8478. 12,11491. 12,01287. 5,699995
0,6. 65,82529. 10,83669. 12,86514. 5,163713
0,7. 64,2487. 12,18482. 12,45033. 6,247804
0,8. 64,24036. 11,54654. 13,2122. 5,475305
0,9. 63,99396. 12,8142. 13,70978. 6,345999
0,6. 34,23367. 1,559356. 8,922558. 1,100868
0,6. 39,99691. 3,550096. 8,738062. 2,020224
0,6. 40,14511. 4,573265. 8,898815. 2,062156
0,6. 32,9662. 2,407524. 7,323087. 2,106187
0,6. 40,42073. 4,202929. 8,810668. 2,344079
0,6. 41,40409. 4,791639. 7,751114. 2,398696
0,6. 38,07257. 3,97094. 7,285309. 1,902228
0,6. 42,77972. 5,216376. 8,345943. 2,209148
0,6. 43,51348. 7,862709. 9,058959. 3,477038
