Elliot. 65,82529. 10,83669. 12,86514. 5,163713
Elliot symmetric. 39,47017. 6,6733. 9,672373. 5,562687
Linear piece. 59,64267. 13,28049. 11,15281. 6,175219
Linear piece symmetric. 53,38565. 12,82504. 9,582737. 5,976913
Sin symmetric. 44,17676. 9,80899. 10,36212. 5,166021
Cos symmetric. 54,64746. 12,20539. 9,600292. 5,684711
Sigmoid. 61,68713. 13,2543. 12,87929. 5,167778
Sigmoid symmetric. 49,30876. 14,19477. 10,42219. 6,710373
Elliot. 34,23367. 1,559356. 8,922558. 1,100868
Elliot. 39,99691. 3,550096. 8,738062. 2,020224
Elliot. 40,14511. 4,573265. 8,898815. 2,062156
Elliot. 32,9662. 2,407524. 7,323087. 2,106187
Elliot. 40,42073. 4,202929. 8,810668. 2,344079
Elliot. 41,40409. 4,791639. 7,751114. 2,398696
Elliot. 38,07257. 3,97094. 7,285309. 1,902228
Elliot. 42,77972. 5,216376. 8,345943. 2,209148
Elliot. 43,51348. 7,862709. 9,058959. 3,477038
